Logistic variable	0.34
Control Variable	3
Number of Iterations	1000
0.34    0.6732
0.6732  0.660005
0.660005  0.673195
0.673195  0.660011
0.660011   0.67319
0.67319  0.660016
0.660016  0.673185
0.673185  0.660021
0.660021   0.67318
0.67318  0.660026
0.660026  0.673175
0.673175  0.660032
0.660032   0.67317
0.67317  0.660037
0.660037  0.673165
0.673165  0.660042
0.660042   0.67316
0.67316  0.660047
0.660047  0.673155
0.673155  0.660052
0.660052   0.67315
0.67315  0.660058
0.660058  0.673145
0.673145  0.660063
0.660063   0.67314
0.67314  0.660068
0.660068  0.673135
0.673135  0.660073
0.660073   0.67313
0.67313  0.660078
0.660078  0.673125
0.673125  0.660083
0.660083   0.67312
0.67312  0.660088
0.660088  0.673115
0.673115  0.660093
0.660093   0.67311
0.67311  0.660098
0.660098  0.673106
0.673106  0.660103
0.660103  0.673101
0.673101  0.660108
0.660108  0.673096
0.673096  0.660113
0.660113  0.673091
0.673091  0.660118
0.660118  0.673086
0.673086  0.660123
0.660123  0.673081
0.673081  0.660128
0.660128  0.673077
0.673077  0.660133
0.660133  0.673072
0.673072  0.660138
0.660138  0.673067
0.673067  0.660143
0.660143  0.673062
0.673062  0.660148
0.660148  0.673058
0.673058  0.660153
0.660153  0.673053
0.673053  0.660158
0.660158  0.673048
0.673048  0.660163
0.660163  0.673043
0.673043  0.660168
0.660168  0.673039
0.673039  0.660173
0.660173  0.673034
0.673034  0.660178
0.660178  0.673029
0.673029  0.660183
0.660183  0.673024
0.673024  0.660188
0.660188   0.67302
0.67302  0.660192
0.660192  0.673015
0.673015  0.660197
0.660197   0.67301
0.67301  0.660202
0.660202  0.673006
0.673006  0.660207
0.660207  0.673001
0.673001  0.660212
0.660212  0.672997
0.672997  0.660217
0.660217  0.672992
0.672992  0.660221
0.660221  0.672987
0.672987  0.660226
0.660226  0.672983
0.672983  0.660231
0.660231  0.672978
0.672978  0.660236
0.660236  0.672974
0.672974   0.66024
0.66024  0.672969
0.672969  0.660245
0.660245  0.672965
0.672965   0.66025
0.66025   0.67296
0.67296  0.660254
0.660254  0.672956
0.672956  0.660259
0.660259  0.672951
0.672951  0.660264
0.660264  0.672946
0.672946  0.660269
0.660269  0.672942
0.672942  0.660273
0.660273  0.672938
0.672938  0.660278
0.660278  0.672933
0.672933  0.660282
0.660282  0.672929
0.672929  0.660287
0.660287  0.672924
0.672924  0.660292
0.660292   0.67292
0.67292  0.660296
0.660296  0.672915
0.672915  0.660301
0.660301  0.672911
0.672911  0.660306
0.660306  0.672906
0.672906   0.66031
0.66031  0.672902
0.672902  0.660315
0.660315  0.672898
0.672898  0.660319
0.660319  0.672893
0.672893  0.660324
0.660324  0.672889
0.672889  0.660328
0.660328  0.672884
0.672884  0.660333
0.660333   0.67288
0.67288  0.660337
0.660337  0.672876
0.672876  0.660342
0.660342  0.672871
0.672871  0.660347
0.660347  0.672867
0.672867  0.660351
0.660351  0.672863
0.672863  0.660355
0.660355  0.672858
0.672858   0.66036
0.66036  0.672854
0.672854  0.660364
0.660364   0.67285
0.67285  0.660369
0.660369  0.672845
0.672845  0.660373
0.660373  0.672841
0.672841  0.660378
0.660378  0.672837
0.672837  0.660382
0.660382  0.672833
0.672833  0.660387
0.660387  0.672828
0.672828  0.660391
0.660391  0.672824
0.672824  0.660395
0.660395   0.67282
0.67282    0.6604
0.6604  0.672816
0.672816  0.660404
0.660404  0.672811
0.672811  0.660409
0.660409  0.672807
0.672807  0.660413
0.660413  0.672803
0.672803  0.660417
0.660417  0.672799
0.672799  0.660422
0.660422  0.672795
0.672795  0.660426
0.660426   0.67279
0.67279   0.66043
0.66043  0.672786
0.672786  0.660435
0.660435  0.672782
0.672782  0.660439
0.660439  0.672778
0.672778  0.660443
0.660443  0.672774
0.672774  0.660448
0.660448   0.67277
0.67277  0.660452
0.660452  0.672765
0.672765  0.660456
0.660456  0.672761
0.672761  0.660461
0.660461  0.672757
0.672757  0.660465
0.660465  0.672753
0.672753  0.660469
0.660469  0.672749
0.672749  0.660473
0.660473  0.672745
0.672745  0.660478
0.660478  0.672741
0.672741  0.660482
0.660482  0.672737
0.672737  0.660486
0.660486  0.672733
0.672733   0.66049
0.66049  0.672729
0.672729  0.660494
0.660494  0.672725
0.672725  0.660499
0.660499  0.672721
0.672721  0.660503
0.660503  0.672717
0.672717  0.660507
0.660507  0.672713
0.672713  0.660511
0.660511  0.672709
0.672709  0.660515
0.660515  0.672705
0.672705  0.660519
0.660519  0.672701
0.672701  0.660524
0.660524  0.672697
0.672697  0.660528
0.660528  0.672693
0.672693  0.660532
0.660532  0.672689
0.672689  0.660536
0.660536  0.672685
0.672685   0.66054
0.66054  0.672681
0.672681  0.660544
0.660544  0.672677
0.672677  0.660548
0.660548  0.672673
0.672673  0.660552
0.660552  0.672669
0.672669  0.660556
0.660556  0.672665
0.672665   0.66056
0.66056  0.672661
0.672661  0.660565
0.660565  0.672657
0.672657  0.660569
0.660569  0.672653
0.672653  0.660573
0.660573  0.672649
0.672649  0.660577
0.660577  0.672645
0.672645  0.660581
0.660581  0.672642
0.672642  0.660585
0.660585  0.672638
0.672638  0.660589
0.660589  0.672634
0.672634  0.660593
0.660593   0.67263
0.67263  0.660597
0.660597  0.672626
0.672626  0.660601
0.660601  0.672622
0.672622  0.660605
0.660605  0.672618
0.672618  0.660609
0.660609  0.672615
0.672615  0.660613
0.660613  0.672611
0.672611  0.660617
0.660617  0.672607
0.672607  0.660621
0.660621  0.672603
0.672603  0.660625
0.660625  0.672599
0.672599  0.660628
0.660628  0.672595
0.672595  0.660632
0.660632  0.672592
0.672592  0.660636
0.660636  0.672588
0.672588   0.66064
0.66064  0.672584
0.672584  0.660644
0.660644   0.67258
0.67258  0.660648
0.660648  0.672577
0.672577  0.660652
0.660652  0.672573
0.672573  0.660656
0.660656  0.672569
0.672569   0.66066
0.66066  0.672565
0.672565  0.660664
0.660664  0.672562
0.672562  0.660667
0.660667  0.672558
0.672558  0.660671
0.660671  0.672554
0.672554  0.660675
0.660675   0.67255
0.67255  0.660679
0.660679  0.672547
0.672547  0.660683
0.660683  0.672543
0.672543  0.660687
0.660687  0.672539
0.672539   0.66069
0.66069  0.672536
0.672536  0.660694
0.660694  0.672532
0.672532  0.660698
0.660698  0.672528
0.672528  0.660702
0.660702  0.672525
0.672525  0.660706
0.660706  0.672521
0.672521  0.660709
0.660709  0.672517
0.672517  0.660713
0.660713  0.672514
0.672514  0.660717
0.660717   0.67251
0.67251  0.660721
0.660721  0.672507
0.672507  0.660724
0.660724  0.672503
0.672503  0.660728
0.660728  0.672499
0.672499  0.660732
0.660732  0.672496
0.672496  0.660736
0.660736  0.672492
0.672492  0.660739
0.660739  0.672489
0.672489  0.660743
0.660743  0.672485
0.672485  0.660747
0.660747  0.672481
0.672481  0.660751
0.660751  0.672478
0.672478  0.660754
0.660754  0.672474
0.672474  0.660758
0.660758  0.672471
0.672471  0.660762
0.660762  0.672467
0.672467  0.660765
0.660765  0.672464
0.672464  0.660769
0.660769   0.67246
0.67246  0.660773
0.660773  0.672457
0.672457  0.660776
0.660776  0.672453
0.672453   0.66078
0.66078  0.672449
0.672449  0.660784
0.660784  0.672446
0.672446  0.660787
0.660787  0.672442
0.672442  0.660791
0.660791  0.672439
0.672439  0.660794
0.660794  0.672436
0.672436  0.660798
0.660798  0.672432
0.672432  0.660802
0.660802  0.672429
0.672429  0.660805
0.660805  0.672425
0.672425  0.660809
0.660809  0.672422
0.672422  0.660812
0.660812  0.672418
0.672418  0.660816
0.660816  0.672415
0.672415  0.660819
0.660819  0.672411
0.672411  0.660823
0.660823  0.672408
0.672408  0.660827
0.660827  0.672405
0.672405   0.66083
0.66083  0.672401
0.672401  0.660834
0.660834  0.672398
0.672398  0.660837
0.660837  0.672394
0.672394  0.660841
0.660841  0.672391
0.672391  0.660844
0.660844  0.672388
0.672388  0.660848
0.660848  0.672384
0.672384  0.660851
0.660851  0.672381
0.672381  0.660855
0.660855  0.672377
0.672377  0.660858
0.660858  0.672374
0.672374  0.660862
0.660862  0.672371
0.672371  0.660865
0.660865  0.672367
0.672367  0.660869
0.660869  0.672364
0.672364  0.660872
0.660872   0.67236
0.67236  0.660876
0.660876  0.672357
0.672357  0.660879
0.660879  0.672354
0.672354  0.660883
0.660883   0.67235
0.67235  0.660886
0.660886  0.672347
0.672347   0.66089
0.66089  0.672344
0.672344  0.660893
0.660893   0.67234
0.67234  0.660896
0.660896  0.672337
0.672337    0.6609
0.6609  0.672334
0.672334  0.660903
0.660903   0.67233
0.67233  0.660907
0.660907  0.672327
0.672327   0.66091
0.66091  0.672324
0.672324  0.660914
0.660914   0.67232
0.67232  0.660917
0.660917  0.672317
0.672317  0.660921
0.660921  0.672314
0.672314  0.660924
0.660924   0.67231
0.67231  0.660927
0.660927  0.672307
0.672307  0.660931
0.660931  0.672304
0.672304  0.660934
0.660934  0.672301
0.672301  0.660937
0.660937  0.672297
0.672297  0.660941
0.660941  0.672294
0.672294  0.660944
0.660944  0.672291
0.672291  0.660948
0.660948  0.672288
0.672288  0.660951
0.660951  0.672284
0.672284  0.660954
0.660954  0.672281
0.672281  0.660958
0.660958  0.672278
0.672278  0.660961
0.660961  0.672275
0.672275  0.660964
0.660964  0.672272
0.672272  0.660967
0.660967  0.672268
0.672268  0.660971
0.660971  0.672265
0.672265  0.660974
0.660974  0.672262
0.672262  0.660977
0.660977  0.672259
0.672259  0.660981
0.660981  0.672256
0.672256  0.660984
0.660984  0.672252
0.672252  0.660987
0.660987  0.672249
0.672249  0.660991
0.660991  0.672246
0.672246  0.660994
0.660994  0.672243
0.672243  0.660997
0.660997   0.67224
0.67224     0.661
0.661  0.672237
0.672237  0.661004
0.661004  0.672234
0.672234  0.661007
0.661007   0.67223
0.67223   0.66101
0.66101  0.672227
0.672227  0.661013
0.661013  0.672224
0.672224  0.661016
0.661016  0.672221
0.672221   0.66102
0.66102  0.672218
0.672218  0.661023
0.661023  0.672215
0.672215  0.661026
0.661026  0.672212
0.672212  0.661029
0.661029  0.672209
0.672209  0.661032
0.661032  0.672206
0.672206  0.661036
0.661036  0.672203
0.672203  0.661039
0.661039  0.672199
0.672199  0.661042
0.661042  0.672196
0.672196  0.661045
0.661045  0.672193
0.672193  0.661048
0.661048   0.67219
0.67219  0.661052
0.661052  0.672187
0.672187  0.661055
0.661055  0.672184
0.672184  0.661058
0.661058  0.672181
0.672181  0.661061
0.661061  0.672178
0.672178  0.661064
0.661064  0.672175
0.672175  0.661067
0.661067  0.672172
0.672172   0.66107
0.66107  0.672169
0.672169  0.661074
0.661074  0.672166
0.672166  0.661077
0.661077  0.672163
0.672163   0.66108
0.66108   0.67216
0.67216  0.661083
0.661083  0.672157
0.672157  0.661086
0.661086  0.672154
0.672154  0.661089
0.661089  0.672151
0.672151  0.661092
0.661092  0.672148
0.672148  0.661095
0.661095  0.672145
0.672145  0.661098
0.661098  0.672142
0.672142  0.661102
0.661102  0.672139
0.672139  0.661105
0.661105  0.672136
0.672136  0.661108
0.661108  0.672133
0.672133  0.661111
0.661111   0.67213
0.67213  0.661114
0.661114  0.672127
0.672127  0.661117
0.661117  0.672124
0.672124   0.66112
0.66112  0.672121
0.672121  0.661123
0.661123  0.672118
0.672118  0.661126
0.661126  0.672115
0.672115  0.661129
0.661129  0.672112
0.672112  0.661132
0.661132  0.672109
0.672109  0.661135
0.661135  0.672106
0.672106  0.661138
0.661138  0.672104
0.672104  0.661141
0.661141  0.672101
0.672101  0.661144
0.661144  0.672098
0.672098  0.661147
0.661147  0.672095
0.672095   0.66115
0.66115  0.672092
0.672092  0.661153
0.661153  0.672089
0.672089  0.661156
0.661156  0.672086
0.672086  0.661159
0.661159  0.672083
0.672083  0.661162
0.661162   0.67208
0.67208  0.661165
0.661165  0.672077
0.672077  0.661168
0.661168  0.672075
0.672075  0.661171
0.661171  0.672072
0.672072  0.661174
0.661174  0.672069
0.672069  0.661177
0.661177  0.672066
0.672066   0.66118
0.66118  0.672063
0.672063  0.661183
0.661183   0.67206
0.67206  0.661186
0.661186  0.672057
0.672057  0.661189
0.661189  0.672055
0.672055  0.661192
0.661192  0.672052
0.672052  0.661195
0.661195  0.672049
0.672049  0.661198
0.661198  0.672046
0.672046    0.6612
0.6612  0.672043
0.672043  0.661203
0.661203   0.67204
0.67204  0.661206
0.661206  0.672038
0.672038  0.661209
0.661209  0.672035
0.672035  0.661212
0.661212  0.672032
0.672032  0.661215
0.661215  0.672029
0.672029  0.661218
0.661218  0.672026
0.672026  0.661221
0.661221  0.672024
0.672024  0.661224
0.661224  0.672021
0.672021  0.661226
0.661226  0.672018
0.672018  0.661229
0.661229  0.672015
0.672015  0.661232
0.661232  0.672013
0.672013  0.661235
0.661235   0.67201
0.67201  0.661238
0.661238  0.672007
0.672007  0.661241
0.661241  0.672004
0.672004  0.661244
0.661244  0.672002
0.672002  0.661246
0.661246  0.671999
0.671999  0.661249
0.661249  0.671996
0.671996  0.661252
0.661252  0.671993
0.671993  0.661255
0.661255  0.671991
0.671991  0.661258
0.661258  0.671988
0.671988  0.661261
0.661261  0.671985
0.671985  0.661263
0.661263  0.671982
0.671982  0.661266
0.661266   0.67198
0.67198  0.661269
0.661269  0.671977
0.671977  0.661272
0.661272  0.671974
0.671974  0.661275
0.661275  0.671971
0.671971  0.661278
0.661278  0.671969
0.671969   0.66128
0.66128  0.671966
0.671966  0.661283
0.661283  0.671963
0.671963  0.661286
0.661286  0.671961
0.671961  0.661289
0.661289  0.671958
0.671958  0.661291
0.661291  0.671955
0.671955  0.661294
0.661294  0.671953
0.671953  0.661297
0.661297   0.67195
0.67195    0.6613
0.6613  0.671947
0.671947  0.661302
0.661302  0.671945
0.671945  0.661305
0.661305  0.671942
0.671942  0.661308
0.661308  0.671939
0.671939  0.661311
0.661311  0.671937
0.671937  0.661313
0.661313  0.671934
0.671934  0.661316
0.661316  0.671931
0.671931  0.661319
0.661319  0.671929
0.671929  0.661322
0.661322  0.671926
0.671926  0.661324
0.661324  0.671923
0.671923  0.661327
0.661327  0.671921
0.671921   0.66133
0.66133  0.671918
0.671918  0.661333
0.661333  0.671915
0.671915  0.661335
0.661335  0.671913
0.671913  0.661338
0.661338   0.67191
0.67191  0.661341
0.661341  0.671907
0.671907  0.661343
0.661343  0.671905
0.671905  0.661346
0.661346  0.671902
0.671902  0.661349
0.661349    0.6719
0.6719  0.661352
0.661352  0.671897
0.671897  0.661354
0.661354  0.671894
0.671894  0.661357
0.661357  0.671892
0.671892   0.66136
0.66136  0.671889
0.671889  0.661362
0.661362  0.671887
0.671887  0.661365
0.661365  0.671884
0.671884  0.661367
0.661367  0.671882
0.671882   0.66137
0.66137  0.671879
0.671879  0.661373
0.661373  0.671876
0.671876  0.661375
0.661375  0.671874
0.671874  0.661378
0.661378  0.671871
0.671871  0.661381
0.661381  0.671869
0.671869  0.661383
0.661383  0.671866
0.671866  0.661386
0.661386  0.671864
0.671864  0.661389
0.661389  0.671861
0.671861  0.661391
0.661391  0.671859
0.671859  0.661394
0.661394  0.671856
0.671856  0.661397
0.661397  0.671853
0.671853  0.661399
0.661399  0.671851
0.671851  0.661402
0.661402  0.671848
0.671848  0.661404
0.661404  0.671846
0.671846  0.661407
0.661407  0.671843
0.671843   0.66141
0.66141  0.671841
0.671841  0.661412
0.661412  0.671838
0.671838  0.661415
0.661415  0.671836
0.671836  0.661417
0.661417  0.671833
0.671833   0.66142
0.66142  0.671831
0.671831  0.661423
0.661423  0.671828
0.671828  0.661425
0.661425  0.671826
0.671826  0.661428
0.661428  0.671823
0.671823   0.66143
0.66143  0.671821
0.671821  0.661433
0.661433  0.671818
0.671818  0.661435
0.661435  0.671816
0.671816  0.661438
0.661438  0.671813
0.671813   0.66144
0.66144  0.671811
0.671811  0.661443
0.661443  0.671808
0.671808  0.661446
0.661446  0.671806
0.671806  0.661448
0.661448  0.671804
0.671804  0.661451
0.661451  0.671801
0.671801  0.661453
0.661453  0.671799
0.671799  0.661456
0.661456  0.671796
0.671796  0.661458
0.661458  0.671794
0.671794  0.661461
0.661461  0.671791
0.671791  0.661463
0.661463  0.671789
0.671789  0.661466
0.661466  0.671786
0.671786  0.661468
0.661468  0.671784
0.671784  0.661471
0.661471  0.671782
0.671782  0.661473
0.661473  0.671779
0.671779  0.661476
0.661476  0.671777
0.671777  0.661478
0.661478  0.671774
0.671774  0.661481
0.661481  0.671772
0.671772  0.661483
0.661483  0.671769
0.671769  0.661486
0.661486  0.671767
0.671767  0.661488
0.661488  0.671765
0.671765  0.661491
0.661491  0.671762
0.671762  0.661493
0.661493   0.67176
0.67176  0.661496
0.661496  0.671757
0.671757  0.661498
0.661498  0.671755
0.671755  0.661501
0.661501  0.671753
0.671753  0.661503
0.661503   0.67175
0.67175  0.661506
0.661506  0.671748
0.671748  0.661508
0.661508  0.671746
0.671746   0.66151
0.66151  0.671743
0.671743  0.661513
0.661513  0.671741
0.671741  0.661515
0.661515  0.671738
0.671738  0.661518
0.661518  0.671736
0.671736   0.66152
0.66152  0.671734
0.671734  0.661523
0.661523  0.671731
0.671731  0.661525
0.661525  0.671729
0.671729  0.661527
0.661527  0.671727
0.671727   0.66153
0.66153  0.671724
0.671724  0.661532
0.661532  0.671722
0.671722  0.661535
0.661535   0.67172
0.67172  0.661537
0.661537  0.671717
0.671717  0.661539
0.661539  0.671715
0.671715  0.661542
0.661542  0.671713
0.671713  0.661544
0.661544   0.67171
0.67171  0.661547
0.661547  0.671708
0.671708  0.661549
0.661549  0.671706
0.671706  0.661552
0.661552  0.671703
0.671703  0.661554
0.661554  0.671701
0.671701  0.661556
0.661556  0.671699
0.671699  0.661559
0.661559  0.671696
0.671696  0.661561
0.661561  0.671694
0.671694  0.661564
0.661564  0.671692
0.671692  0.661566
0.661566  0.671689
0.671689  0.661568
0.661568  0.671687
0.671687  0.661571
0.661571  0.671685
0.671685  0.661573
0.661573  0.671682
0.671682  0.661575
0.661575   0.67168
0.67168  0.661578
0.661578  0.671678
0.671678   0.66158
0.66158  0.671676
0.671676  0.661582
0.661582  0.671673
0.671673  0.661585
0.661585  0.671671
0.671671  0.661587
0.661587  0.671669
0.671669   0.66159
0.66159  0.671667
0.671667  0.661592
0.661592  0.671664
0.671664  0.661594
0.661594  0.671662
0.671662  0.661596
0.661596   0.67166
0.67166  0.661599
0.661599  0.671657
0.671657  0.661601
0.661601  0.671655
0.671655  0.661604
0.661604  0.671653
0.671653  0.661606
0.661606  0.671651
0.671651  0.661608
0.661608  0.671648
0.671648   0.66161
0.66161  0.671646
0.671646  0.661613
0.661613  0.671644
0.671644  0.661615
0.661615  0.671642
0.671642  0.661617
0.661617   0.67164
0.67164   0.66162
0.66162  0.671637
0.671637  0.661622
0.661622  0.671635
0.671635  0.661624
0.661624  0.671633
0.671633  0.661627
0.661627  0.671631
0.671631  0.661629
0.661629  0.671628
0.671628  0.661631
0.661631  0.671626
0.671626  0.661633
0.661633  0.671624
0.671624  0.661636
0.661636  0.671622
0.671622  0.661638
0.661638   0.67162
0.67162   0.66164
0.66164  0.671617
0.671617  0.661642
0.661642  0.671615
0.671615  0.661645
0.661645  0.671613
0.671613  0.661647
0.661647  0.671611
0.671611  0.661649
0.661649  0.671609
0.671609  0.661652
0.661652  0.671606
0.671606  0.661654
0.661654  0.671604
0.671604  0.661656
0.661656  0.671602
0.671602  0.661658
0.661658    0.6716
0.6716   0.66166
0.66166  0.671598
0.671598  0.661663
0.661663  0.671596
0.671596  0.661665
0.661665  0.671593
0.671593  0.661667
0.661667  0.671591
0.671591  0.661669
0.661669  0.671589
0.671589  0.661672
0.661672  0.671587
0.671587  0.661674
0.661674  0.671585
0.671585  0.661676
0.661676  0.671582
0.671582  0.661678
0.661678   0.67158
0.67158  0.661681
0.661681  0.671578
0.671578  0.661683
0.661683  0.671576
0.671576  0.661685
0.661685  0.671574
0.671574  0.661687
0.661687  0.671572
0.671572  0.661689
0.661689   0.67157
